Time	Flow, kg/s	DeltaP, Pa	P, Pa	Temp, K	Temp2, K

1741860696	2.509750	23.80	26.35	296.950	299.500

1741860697	1.000000	24.68	25.25	297.830	298.400

1741860698	1.000000	20.54	23.16	293.690	296.310

1741860699	1.000000	26.22	29.09	299.370	302.240

1741860700	1.836239	24.50	24.72	297.650	297.870

1741860701	2.120975	24.46	23.68	297.610	296.830

1741860702	2.006288	29.32	21.75	302.470	294.900

1741860703	1.709601	22.44	27.76	295.590	300.910

1741860704	1.655722	26.37	22.14	299.520	295.290

1741860705	1.000000	20.91	22.89	294.060	296.040

1741860706	1.502783	20.60	23.02	293.750	296.170

1741860707	0.601704	22.62	29.06	295.770	302.210

1741860708	1.000000	24.60	23.32	297.750	296.470

1741860709	1.000000	25.81	20.70	298.960	293.850

1741860710	2.409006	23.62	27.47	296.770	300.620

1741860711	1.428822	25.40	20.41	298.550	293.560

1741860712	2.202430	24.98	20.23	298.130	293.380

1741860713	1.000000	28.99	21.39	302.140	294.540

1741860714	1.000000	20.44	25.68	293.590	298.830

1741860715	1.000000	27.08	28.29	300.230	301.440

1741860716	0.759895	28.21	21.93	301.360	295.080

1741860717	1.930435	20.96	20.14	294.110	293.290

1741860718	1.328108	20.27	20.03	293.420	293.180

1741860719	1.000000	26.43	29.10	299.580	302.250

1741860720	1.523572	20.44	22.79	293.590	295.940

1741860721	2.102830	20.69	28.50	293.840	301.650

1741860722	1.000000	26.54	24.30	299.690	297.450

1741860723	1.171690	25.53	20.69	298.680	293.840

1741860724	1.938017	23.44	21.72	296.590	294.870

1741860725	1.000000	25.85	23.00	299.000	296.150

1741860726	2.043460	24.36	28.76	297.510	301.910

1741860727	1.000000	25.08	22.86	298.230	296.010

1741860728	1.000000	24.35	29.61	297.500	302.760

1741860729	1.348663	22.11	28.13	295.260	301.280

1741860730	1.000000	20.81	25.83	293.960	298.980

1741860731	1.699867	21.81	20.48	294.960	293.630

1741860733	1.000000	26.34	24.68	299.490	297.830

1741860734	1.000000	21.41	23.43	294.560	296.580

1741860735	2.313279	26.64	23.79	299.790	296.940

1741860736	1.000000	22.76	26.88	295.910	300.030

1741860737	1.000000	21.56	23.93	294.710	297.080

1741860738	1.000000	27.34	29.55	300.490	302.700

1741860739	2.149555	24.08	24.23	297.230	297.380

1741860740	1.140609	21.85	26.70	295.000	299.850

1741860741	2.200072	25.01	29.61	298.160	302.760

1741860742	1.000000	25.84	27.28	298.990	300.430

1741860743	1.703293	20.14	21.83	293.290	294.980

1741860744	1.000000	24.78	27.93	297.930	301.080

1741860745	1.000000	28.88	21.28	302.030	294.430

1741860746	2.244301	25.60	23.31	298.750	296.460

1741860747	2.348281	23.13	24.20	296.280	297.350

1741860748	1.000000	24.88	28.49	298.030	301.640

1741860749	1.860357	25.64	22.80	298.790	295.950

1741860750	2.289586	27.55	21.23	300.700	294.380

1741860751	1.000000	22.85	29.94	296.000	303.090

1741860752	1.000000	28.33	22.82	301.480	295.970

1741860753	1.964078	25.94	28.00	299.090	301.150

1741860754	2.328178	22.99	22.29	296.140	295.440

1741860755	0.743470	21.81	22.08	294.960	295.230

1741860756	0.288661	20.19	26.33	293.340	299.480

1741860757	2.720502	20.59	25.46	293.740	298.610

1741860758	1.000000	29.67	28.59	302.820	301.740

1741860759	0.834481	27.95	24.39	301.100	297.540

1741860760	1.000000	25.93	20.61	299.080	293.760

1741860761	0.579287	21.85	29.66	295.000	302.810

1741860762	1.053804	22.24	27.21	295.390	300.360

1741860763	1.603895	28.67	20.00	301.820	293.150

1741860764	1.472372	21.69	28.14	294.840	301.290

1741860765	1.000000	24.96	27.10	298.110	300.250

1741860766	1.000000	28.53	27.68	301.680	300.830

1741860767	1.000000	29.11	29.20	302.260	302.350

1741860768	1.000000	29.69	24.14	302.840	297.290

1741860769	1.344639	23.58	23.82	296.730	296.970

1741860770	0.976523	21.50	21.10	294.650	294.250

1741860771	1.000000	23.71	27.95	296.860	301.100

1741860772	0.640339	21.05	20.07	294.200	293.220

1741860773	1.586359	20.77	20.77	293.920	293.920

1741860774	1.000000	27.97	29.66	301.120	302.810

1741860775	1.360368	25.51	25.09	298.660	298.240

1741860776	1.000000	28.13	22.96	301.280	296.110

1741860777	1.000000	23.97	20.99	297.120	294.140

1741860778	1.000000	23.79	23.85	296.940	297.000

1741860779	2.473960	29.58	27.14	302.730	300.290

1741860780	1.944670	22.17	26.84	295.320	299.990

1741860781	2.371584	23.76	26.75	296.910	299.900

1741860782	1.000000	28.19	27.02	301.340	300.170

1741860783	1.000000	28.81	29.45	301.960	302.600

1741860785	1.144226	23.72	28.62	296.870	301.770

1741860786	1.261161	21.25	25.97	294.400	299.120

1741860787	1.000000	24.72	22.35	297.870	295.500

1741860788	1.862185	28.39	20.22	301.540	293.370

1741860789	1.000000	26.81	29.62	299.960	302.770

1741860790	1.401494	21.17	29.43	294.320	302.580

1741860791	1.000000	22.89	29.81	296.040	302.960

1741860792	1.770108	22.70	21.70	295.850	294.850

1741860793	1.000000	29.65	25.82	302.800	298.970

1741860794	2.356370	22.85	20.53	296.000	293.680

1741860795	2.529089	26.66	23.97	299.810	297.120

1741860796	2.217015	27.59	22.61	300.740	295.760

1741860797	1.000000	25.55	29.67	298.700	302.820

1741860798	1.000000	25.91	24.56	299.060	297.710

1741860799	2.431814	21.02	22.94	294.170	296.090

1741860800	1.000000	24.56	21.81	297.710	294.960

1741860801	1.000000	26.90	21.44	300.050	294.590

1741860802	1.000000	21.55	22.36	294.700	295.510

1741860803	1.117040	22.39	23.20	295.540	296.350

1741860804	1.285916	21.51	27.39	294.660	300.540

1741860805	0.637378	27.21	22.23	300.360	295.380

1741860806	1.000000	22.61	25.76	295.760	298.910

1741860807	1.000000	27.41	27.50	300.560	300.650

1741860808	1.000000	29.44	20.01	302.590	293.160

1741860809	0.838433	25.91	24.46	299.060	297.610

1741860810	1.000000	24.11	20.97	297.260	294.120

1741860811	1.000000	23.76	24.57	296.910	297.720

Time	Flow, kg/s	DeltaP, Pa	P, Pa	Temp, K	Temp2, K

1741861169	1.000000	21.66	27.63	294.810	300.780

1741861170	1.000000	21.08	23.77	294.230	296.920

1741861171	2.077408	23.58	20.24	296.730	293.390

1741861172	2.288840	29.05	26.91	302.200	300.060

1741861173	1.374992	27.11	25.27	300.260	298.420

1741861174	1.000000	26.82	28.71	299.970	301.860

1741861175	1.008071	21.50	29.58	294.650	302.730

1741861176	1.983341	29.47	21.27	302.620	294.420

1741861177	2.526483	22.34	25.38	295.490	298.530

1741861178	1.739507	22.39	24.61	295.540	297.760

1741861179	1.000000	24.02	25.95	297.170	299.100

1741861180	1.000000	28.90	28.75	302.050	301.900

1741861181	0.669390	25.16	26.34	298.310	299.490

1741861182	1.461820	22.45	25.49	295.600	298.640

1741861183	1.000000	24.21	27.59	297.360	300.740

1741861184	2.092805	25.87	28.55	299.020	301.700

1741861185	1.000000	22.11	23.67	295.260	296.820

1741861186	1.493910	29.28	29.08	302.430	302.230

1741861187	2.177234	29.11	23.20	302.260	296.350

1741861188	0.545842	29.38	20.95	302.530	294.100

1741861189	1.000000	26.35	29.60	299.500	302.750

1741861190	1.000000	27.39	28.47	300.540	301.620

1741861191	1.000000	29.89	21.17	303.040	294.320

1741861192	1.000000	22.48	27.99	295.630	301.140

1741861193	1.818912	27.87	27.51	301.020	300.660

1741861194	0.801117	21.17	21.71	294.320	294.860

1741861195	1.000000	23.99	29.07	297.140	302.220

1741861196	1.000000	20.74	27.04	293.890	300.190

1741861197	1.000000	27.99	26.95	301.140	300.100

1741861198	1.000000	26.25	29.59	299.400	302.740

1741861199	1.000000	20.54	23.97	293.690	297.120

1741861200	0.674567	26.36	26.85	299.510	300.000

1741861201	1.000000	24.82	23.61	297.970	296.760

1741861202	1.000000	28.14	21.78	301.290	294.930

1741861203	1.000000	27.46	28.72	300.610	301.870

1741861204	1.000000	28.45	21.55	301.600	294.700

1741861205	1.000000	26.39	21.99	299.540	295.140

1741861206	1.000000	28.58	25.63	301.730	298.780

1741861207	1.000000	29.49	28.47	302.640	301.620

1741861208	1.812576	25.79	20.69	298.940	293.840

1741861209	1.000000	26.90	20.57	300.050	293.720

1741861210	1.303227	21.58	26.31	294.730	299.460

1741861211	1.000235	29.58	24.71	302.730	297.860

1741861212	1.000000	20.89	28.37	294.040	301.520

1741861213	1.052890	27.46	28.05	300.610	301.200

1741861214	1.000000	24.71	21.24	297.860	294.390

1741861215	1.754353	23.23	21.48	296.380	294.630

1741861217	0.683050	21.59	29.17	294.740	302.320

1741861218	1.000000	29.37	25.42	302.520	298.570

1741861219	1.935967	22.06	27.39	295.210	300.540

1741861220	1.949721	26.63	27.30	299.780	300.450

1741861221	1.000000	27.89	22.29	301.040	295.440

1741861222	1.000000	26.37	26.75	299.520	299.900

1741861223	1.000000	24.34	29.43	297.490	302.580

1741861224	2.631710	27.71	23.89	300.860	297.040

1741861225	2.274788	27.12	25.71	300.270	298.860

1741861226	1.000000	28.60	27.96	301.750	301.110

1741861227	2.687450	22.18	25.65	295.330	298.800

1741861228	2.709857	26.47	21.13	299.620	294.280

1741861229	1.666541	26.47	26.96	299.620	300.110

1741861230	0.922465	22.18	26.33	295.330	299.480

1741861231	1.000000	25.78	28.32	298.930	301.470

1741861232	1.000000	29.62	26.55	302.770	299.700

1741861233	1.000000	23.25	23.03	296.400	296.180

1741861234	0.200554	23.19	21.35	296.340	294.500

1741861235	1.000000	26.42	21.31	299.570	294.460

1741861236	1.856981	24.81	30.00	297.960	303.150

1741861237	1.000000	24.47	21.73	297.620	294.880

1741861238	1.000000	28.57	26.69	301.720	299.840

1741861239	1.728606	24.97	25.43	298.120	298.580

1741861240	1.522571	26.29	20.47	299.440	293.620

1741861241	2.328380	29.91	26.00	303.060	299.150

1741861242	2.339839	26.60	24.19	299.750	297.340

1741861243	1.000000	27.65	21.90	300.800	295.050

1741861244	1.000000	28.51	22.92	301.660	296.070

1741861245	1.000000	29.34	29.36	302.490	302.510

1741861246	1.000000	22.64	22.72	295.790	295.870

1741861247	1.000000	26.00	25.44	299.150	298.590

1741861248	1.000000	27.79	24.62	300.940	297.770

1741861249	2.126866	23.55	25.74	296.700	298.890

1741861250	1.000000	25.08	23.25	298.230	296.400

1741861251	2.124111	20.48	24.10	293.630	297.250

1741861252	1.000000	25.52	27.62	298.670	300.770

1741861253	1.000000	20.38	24.48	293.530	297.630

1741861254	1.498528	23.02	28.38	296.170	301.530

1741861255	1.000000	21.57	22.16	294.720	295.310

1741861256	2.173814	23.15	25.37	296.300	298.520

1741861257	1.965893	21.73	23.03	294.880	296.180

1741861258	2.471361	25.08	23.97	298.230	297.120

1741861259	1.000000	24.40	29.73	297.550	302.880

1741861260	1.000000	20.07	21.64	293.220	294.790

1741861261	1.000000	27.63	29.96	300.780	303.110

1741861262	1.872100	23.03	29.73	296.180	302.880

1741861263	1.000000	21.87	26.29	295.020	299.440

1741861264	1.000000	27.02	20.57	300.170	293.720

1741861265	2.117014	26.45	25.34	299.600	298.490

1741861266	1.264301	21.41	25.06	294.560	298.210

1741861268	2.152479	23.66	27.42	296.810	300.570

1741861269	1.000000	28.50	20.02	301.650	293.170

1741861270	1.000000	26.42	25.33	299.570	298.480

1741861271	1.000000	24.64	20.89	297.790	294.040

1741861272	2.204591	21.81	21.85	294.960	295.000

1741861273	1.000000	25.49	27.86	298.640	301.010

1741861274	2.344028	22.78	22.24	295.930	295.390

1741861275	1.000000	20.35	29.17	293.500	302.320

1741861276	1.668423	23.42	21.13	296.570	294.280

1741861277	2.286640	25.41	23.84	298.560	296.990

1741861278	2.542381	20.27	28.60	293.420	301.750

1741861279	1.000000	27.72	23.90	300.870	297.050

1741861280	1.000000	25.13	25.14	298.280	298.290

1741861281	1.242803	23.50	20.24	296.650	293.390

1741861282	1.290786	23.26	20.58	296.410	293.730

1741861283	2.190884	29.52	28.91	302.670	302.060

1741861284	0.704310	22.09	24.52	295.240	297.670

1741861285	0.695525	20.71	29.50	293.860	302.650

1741861286	2.672245	23.19	22.56	296.340	295.710

1741861287	1.000000	29.41	22.67	302.560	295.820

1741861288	0.946042	25.25	21.35	298.400	294.500

1741861289	1.000000	24.31	20.62	297.460	293.770

1741861290	1.000000	28.26	23.13	301.410	296.280

1741861291	1.000000	26.12	25.62	299.270	298.770

1741861292	1.000000	24.97	27.34	298.120	300.490

1741861293	1.000000	28.21	20.07	301.360	293.220

1741861294	1.456116	27.07	22.62	300.220	295.770

1741861295	2.304227	22.59	22.95	295.740	296.100

1741861296	2.166306	22.38	22.29	295.530	295.440

1741861297	2.145537	29.33	23.58	302.480	296.730

1741861298	1.000000	21.56	20.13	294.710	293.280

1741861299	1.272748	27.03	28.78	300.180	301.930

1741861300	1.235091	25.79	25.09	298.940	298.240

1741861301	1.939523	23.03	28.05	296.180	301.200

1741861302	1.000000	29.63	20.60	302.780	293.750

1741861303	2.280466	20.84	29.17	293.990	302.320

1741861304	1.642281	29.68	29.59	302.830	302.740

1741861305	1.000000	27.65	25.24	300.800	298.390

1741861306	1.000000	29.31	28.42	302.460	301.570

1741861307	2.541119	20.49	29.28	293.640	302.430

1741861308	1.000000	28.61	24.40	301.760	297.550

1741861309	2.485899	26.68	25.52	299.830	298.670

1741861310	1.000000	27.74	24.49	300.890	297.640

1741861311	1.000000	24.45	27.68	297.600	300.830

1741861312	2.635737	28.26	20.03	301.410	293.180

1741861313	2.624711	26.71	29.27	299.860	302.420

1741861314	2.102691	21.05	27.11	294.200	300.260

1741861315	1.000000	29.88	24.50	303.030	297.650

1741861316	1.000000	25.81	28.28	298.960	301.430

1741861317	2.523876	26.60	22.79	299.750	295.940

1741861318	1.000000	28.08	20.29	301.230	293.440

1741861320	2.194066	26.65	25.57	299.800	298.720

1741861321	0.782582	27.10	22.67	300.250	295.820

1741861322	0.216467	26.27	27.99	299.420	301.140

1741861323	0.648863	22.97	27.54	296.120	300.690

1741861324	1.093966	25.93	23.79	299.080	296.940

1741861325	1.617362	23.23	21.40	296.380	294.550

1741861326	1.000000	20.77	20.67	293.920	293.820

1741861327	1.000000	23.74	29.93	296.890	303.080

1741861328	1.000000	21.79	25.80	294.940	298.950

1741861329	2.422198	20.21	26.95	293.360	300.100

1741861330	1.167007	26.75	23.24	299.900	296.390

1741861331	1.000000	21.12	25.13	294.270	298.280

1741861332	1.000000	23.56	23.44	296.710	296.590

1741861333	1.000000	20.99	20.40	294.140	293.550

1741861334	1.000000	26.44	25.06	299.590	298.210

1741861335	1.000000	29.92	21.04	303.070	294.190

1741861336	1.571664	27.12	23.23	300.270	296.380

1741861337	1.267719	20.95	24.15	294.100	297.300

1741861338	1.000000	21.26	20.94	294.410	294.090

1741861339	1.047589	22.87	25.26	296.020	298.410

1741861340	1.000000	24.32	21.62	297.470	294.770

1741861341	1.000000	29.48	25.73	302.630	298.880

1741861342	0.769101	25.74	20.18	298.890	293.330

1741861343	1.000000	24.28	22.06	297.430	295.210

1741861344	1.820200	28.79	22.82	301.940	295.970

1741861345	2.528062	25.37	27.32	298.520	300.470

1741861346	2.088952	20.17	26.69	293.320	299.840

1741861347	1.053785	20.86	23.54	294.010	296.690

1741861348	1.581988	22.64	24.69	295.790	297.840

1741861349	1.642600	21.42	26.30	294.570	299.450

1741861350	2.415051	27.49	21.29	300.640	294.440

1741861351	1.000000	21.52	21.74	294.670	294.890

1741861352	1.000000	26.49	20.21	299.640	293.360

1741861353	0.640034	20.47	27.96	293.620	301.110

1741861354	1.000000	29.36	21.02	302.510	294.170

1741861355	2.473693	25.46	21.94	298.610	295.090

1741861356	1.000000	27.27	27.12	300.420	300.270

1741861357	1.161565	28.40	22.24	301.550	295.390

1741861358	1.000000	27.96	28.36	301.110	301.510

1741861359	1.609182	25.55	24.75	298.700	297.900

1741861360	1.000000	25.85	25.56	299.000	298.710

1741861361	1.650145	27.23	29.46	300.380	302.610

1741861362	1.912101	27.66	23.48	300.810	296.630

1741861363	2.524609	26.31	27.51	299.460	300.660

1741861364	0.676543	23.50	20.04	296.650	293.190

1741861365	0.950725	28.00	22.19	301.150	295.340

1741861366	1.000000	24.69	27.40	297.840	300.550

1741861367	1.000000	20.44	28.94	293.590	302.090

1741861368	1.000000	26.21	28.58	299.360	301.730

1741861369	0.879267	29.88	25.91	303.030	299.060

1741861371	2.630690	22.91	22.87	296.060	296.020

1741861372	1.411846	22.28	21.87	295.430	295.020

1741861373	1.000000	25.95	28.10	299.100	301.250

1741861374	1.000000	22.17	21.25	295.320	294.400

1741861375	2.309711	25.66	27.85	298.810	301.000

1741861376	1.000000	22.79	24.84	295.940	297.990

1741861377	1.000000	26.79	23.91	299.940	297.060

1741861378	1.483912	26.73	27.94	299.880	301.090

1741861379	1.000000	22.27	24.34	295.420	297.490

1741861380	1.000000	23.53	25.44	296.680	298.590

1741861381	1.000000	29.10	20.12	302.250	293.270

1741861382	2.613676	21.69	23.43	294.840	296.580

1741861383	1.000000	29.10	29.44	302.250	302.590

1741861384	1.400825	20.39	23.17	293.540	296.320

1741861385	1.926259	22.52	26.23	295.670	299.380

1741861386	1.000000	29.95	24.43	303.100	297.580

1741861387	1.199576	29.21	26.24	302.360	299.390

1741861388	1.000000	29.95	28.66	303.100	301.810

1741861389	2.225178	29.51	26.11	302.660	299.260

1741861390	1.322925	26.33	27.08	299.480	300.230

1741861391	2.446931	25.37	20.62	298.520	293.770

1741861392	1.000000	24.45	24.81	297.600	297.960

1741861393	1.365659	27.00	20.22	300.150	293.370

1741861394	1.000000	27.67	25.72	300.820	298.870

1741861395	1.000000	28.71	29.63	301.860	302.780

1741861396	1.000000	22.54	21.88	295.690	295.030

1741861397	1.000000	20.30	29.99	293.450	303.140

1741861398	2.652680	29.75	27.82	302.900	300.970

1741861399	1.324796	20.65	28.31	293.800	301.460

1741861400	2.131820	25.49	27.81	298.640	300.960

1741861401	1.000000	21.87	20.28	295.020	293.430

1741861402	1.000000	28.68	25.29	301.830	298.440

1741861403	1.000000	24.37	29.25	297.520	302.400

1741861404	1.000000	21.46	20.60	294.610	293.750

1741861405	1.000000	26.44	25.90	299.590	299.050

1741861406	2.491820	23.62	26.64	296.770	299.790

1741861407	1.827992	28.20	22.92	301.350	296.070

1741861408	1.000000	27.45	29.49	300.600	302.640

1741861409	2.437618	26.95	29.38	300.100	302.530

1741861410	1.000000	28.90	23.93	302.050	297.080

1741861411	0.937909	26.21	22.34	299.360	295.490

1741861412	1.000000	27.84	28.05	300.990	301.200

1741861413	1.681884	28.15	27.71	301.300	300.860

1741861414	1.000000	28.17	22.15	301.320	295.300

1741861415	2.196727	23.10	27.64	296.250	300.790

1741861416	1.000000	21.40	23.97	294.550	297.120

1741861417	1.000000	22.01	25.74	295.160	298.890

1741861418	1.400538	29.62	27.48	302.770	300.630

1741861419	1.000000	21.27	24.13	294.420	297.280

1741861420	2.485814	21.96	23.89	295.110	297.040

1741861421	1.000000	29.68	29.76	302.830	302.910

1741861423	2.233530	25.04	27.78	298.190	300.930

1741861424	1.000000	23.49	29.42	296.640	302.570

1741861425	1.000000	20.93	21.25	294.080	294.400

1741861426	0.103780	20.02	23.56	293.170	296.710

1741861427	1.314193	20.16	22.83	293.310	295.980

1741861428	2.453664	26.49	22.37	299.640	295.520

1741861429	1.697742	25.58	22.68	298.730	295.830

1741861430	1.000000	26.39	22.78	299.540	295.930

1741861431	1.000000	23.65	25.43	296.800	298.580

1741861432	1.000000	23.16	20.80	296.310	293.950

1741861433	1.000000	25.92	24.59	299.070	297.740

1741861434	2.216842	22.77	28.18	295.920	301.330

1741861435	1.000000	29.03	21.77	302.180	294.920

1741861436	1.000000	21.87	27.49	295.020	300.640

1741861437	1.000000	23.19	20.64	296.340	293.790

1741861438	1.853979	29.36	21.72	302.510	294.870

1741861439	2.027723	22.24	27.51	295.390	300.660

1741861440	1.000000	27.39	23.23	300.540	296.380

1741861441	1.000000	20.59	20.89	293.740	294.040

1741861442	1.000000	21.99	25.80	295.140	298.950

1741861443	1.000000	24.92	28.44	298.070	301.590

1741861444	1.000000	27.43	22.03	300.580	295.180

1741861445	1.386865	25.23	23.14	298.380	296.290

1741861446	2.140828	27.03	24.32	300.180	297.470

1741861447	0.885070	27.04	26.13	300.190	299.280

1741861448	2.501859	27.50	29.93	300.650	303.080

1741861449	1.659177	22.41	26.39	295.560	299.540

1741861450	1.000000	24.20	22.11	297.350	295.260

1741861451	2.477252	24.86	20.92	298.010	294.070

1741861452	1.104522	28.98	22.60	302.130	295.750

1741861453	2.542864	23.57	23.99	296.720	297.140

1741861454	1.000000	21.48	26.82	294.630	299.970

1741861455	1.825442	23.93	29.99	297.080	303.140

1741861456	1.000000	24.18	28.87	297.330	302.020

1741861457	0.370162	22.78	27.10	295.930	300.250

1741861458	1.000000	26.57	26.19	299.720	299.340

1741861459	1.000000	25.70	20.54	298.850	293.690

1741861460	1.713910	20.20	24.08	293.350	297.230

1741861461	1.234012	29.34	29.15	302.490	302.300

1741861462	1.000000	28.59	27.45	301.740	300.600

1741861463	2.105983	29.31	20.47	302.460	293.620

1741861464	1.000000	27.70	26.22	300.850	299.370

1741861465	1.000000	26.46	26.21	299.610	299.360

1741861466	1.000000	24.31	24.32	297.460	297.470

1741861467	0.248266	29.79	27.59	302.940	300.740

1741861468	1.000000	23.77	22.61	296.920	295.760

1741861469	1.000000	24.71	20.98	297.860	294.130

1741861470	1.000000	22.01	24.56	295.160	297.710

1741861471	1.000000	24.87	27.77	298.020	300.920

1741861472	2.144836	20.72	20.61	293.870	293.760

1741861474	1.000000	21.98	26.48	295.130	299.630

1741861475	1.000000	22.61	20.85	295.760	294.000

1741861476	2.284251	24.27	23.51	297.420	296.660

1741861477	1.000000	27.31	22.92	300.460	296.070

1741861478	2.293901	20.04	24.92	293.190	298.070

1741861479	1.000000	23.46	21.50	296.610	294.650

1741861480	1.000000	28.13	26.84	301.280	299.990

1741861481	1.000000	29.49	20.55	302.640	293.700

1741861482	1.000000	21.98	22.01	295.130	295.160

1741861483	1.000000	22.66	20.90	295.810	294.050

1741861484	0.362609	26.84	28.16	299.990	301.310

1741861485	1.000000	23.99	26.77	297.140	299.920

1741861486	1.000000	28.21	21.36	301.360	294.510

1741861487	0.329255	28.32	21.37	301.470	294.520

1741861488	1.000000	27.22	27.63	300.370	300.780

1741861489	1.446846	29.30	28.85	302.450	302.000

1741861490	1.000000	24.57	22.47	297.720	295.620

1741861491	1.925195	22.79	28.44	295.940	301.590

1741861492	1.000000	29.09	28.94	302.240	302.090

1741861493	1.010683	22.23	27.45	295.380	300.600

1741861494	1.000000	27.12	20.16	300.270	293.310

1741861495	1.160981	21.66	20.52	294.810	293.670

1741861496	1.000000	28.55	22.95	301.700	296.100

1741861497	1.000000	28.50	22.97	301.650	296.120

1741861498	1.985362	24.86	29.64	298.010	302.790

1741861499	1.000000	20.38	27.84	293.530	300.990

1741861500	2.205957	25.57	20.12	298.720	293.270

1741861501	1.000000	20.86	28.69	294.010	301.840

1741861502	1.000000	24.41	22.00	297.560	295.150

1741861503	1.000000	21.83	21.93	294.980	295.080

1741861504	1.000000	22.17	29.04	295.320	302.190

1741861505	2.007553	25.91	29.41	299.060	302.560

1741861506	1.249023	25.28	22.15	298.430	295.300

1741861507	1.613854	25.68	22.98	298.830	296.130

1741861508	1.000000	25.58	22.92	298.730	296.070

1741861509	2.412196	22.60	20.95	295.750	294.100

1741861510	1.000000	28.63	20.57	301.780	293.720

1741861511	1.636496	24.13	25.82	297.280	298.970

1741861512	2.752958	22.12	27.86	295.270	301.010

1741861513	1.000000	21.47	26.01	294.620	299.160

1741861514	1.000000	28.63	27.86	301.780	301.010

1741861515	1.535517	28.58	27.89	301.730	301.040

1741861516	0.562168	22.53	26.39	295.680	299.540

1741861517	1.000000	24.75	20.19	297.900	293.340

1741861518	1.000000	21.56	25.88	294.710	299.030

1741861519	1.411405	28.20	28.57	301.350	301.720

1741861520	1.601852	29.63	21.05	302.780	294.200

1741861521	1.000000	21.79	22.40	294.940	295.550

1741861522	2.469311	23.96	25.61	297.110	298.760

1741861523	1.388458	20.98	29.94	294.130	303.090

1741861525	1.000000	28.30	27.10	301.450	300.250

1741861526	1.975898	29.92	29.33	303.070	302.480

1741861527	1.000000	23.20	27.37	296.350	300.520

1741861528	2.625758	28.29	27.26	301.440	300.410

1741861529	1.941927	22.49	28.21	295.640	301.360

1741861530	1.000000	25.61	21.97	298.760	295.120

1741861531	2.155386	22.32	22.90	295.470	296.050

1741861532	1.000000	26.01	20.94	299.160	294.090

1741861533	1.000000	23.41	25.74	296.560	298.890

1741861534	1.000000	28.09	26.98	301.240	300.130

1741861535	1.000000	24.46	27.23	297.610	300.380

1741861536	1.000000	28.88	29.78	302.030	302.930

1741861537	0.505062	23.91	21.99	297.060	295.140

1741861538	1.000000	20.15	29.40	293.300	302.550

1741861539	1.886503	27.85	24.14	301.000	297.290

1741861540	1.000000	22.20	26.45	295.350	299.600

1741861541	0.255959	29.55	21.30	302.700	294.450

1741861542	1.768820	27.63	21.72	300.780	294.870

1741861543	1.000000	24.93	20.71	298.080	293.860

1741861544	1.000000	29.98	21.38	303.130	294.530

1741861545	1.391071	24.39	25.80	297.540	298.950

1741861546	1.000000	29.14	22.00	302.290	295.150

1741861547	1.000000	25.21	24.24	298.360	297.390

1741861548	1.000000	26.03	28.73	299.180	301.880

1741861549	2.684195	28.76	21.22	301.910	294.370

1741861550	0.930781	21.88	28.03	295.030	301.180

1741861551	1.000000	24.55	25.83	297.700	298.980

1741861552	1.000000	27.33	24.42	300.480	297.570

1741861553	2.087798	23.89	29.84	297.040	302.990

1741861554	1.000000	21.98	25.63	295.130	298.780

1741861555	2.585545	24.10	26.69	297.250	299.840

1741861556	1.000000	27.52	24.48	300.670	297.630

1741861557	1.000000	21.12	27.60	294.270	300.750

1741861558	1.597709	25.80	29.89	298.950	303.040

1741861559	1.000000	23.62	21.29	296.770	294.440

1741861560	0.930854	28.98	29.66	302.130	302.810

1741861561	1.000000	20.60	25.52	293.750	298.670

1741861562	2.672603	26.90	24.16	300.050	297.310

1741861563	1.000000	20.73	20.22	293.880	293.370

1741861564	2.333255	28.16	25.54	301.310	298.690

1741861565	0.963294	23.36	28.25	296.510	301.400

1741861566	1.000000	25.14	20.25	298.290	293.400

1741861567	1.000000	27.86	20.25	301.010	293.400

1741861568	1.306439	21.44	20.87	294.590	294.020

1741861569	1.000000	24.04	22.62	297.190	295.770

Time	Flow, kg/s	DeltaP, Pa	P, Pa	Temp, K	Temp2, K

1741861767	1.576340	24.07	23.60	297.220	296.750

1741861768	1.711548	26.68	24.96	299.830	298.110

1741861769	2.426454	21.39	28.77	294.540	301.920

1741861770	1.383674	28.20	28.39	301.350	301.540

1741861771	1.784810	27.10	23.48	300.250	296.630

1741861773	1.000000	20.67	26.52	293.820	299.670

1741861774	1.821843	25.06	26.83	298.210	299.980

1741861775	1.962492	23.67	24.81	296.820	297.960

1741861776	1.000000	23.13	23.57	296.280	296.720

1741861777	2.573344	29.19	28.40	302.340	301.550

1741861778	0.683671	28.12	23.77	301.270	296.920

1741861779	1.000000	25.97	21.64	299.120	294.790

1741861780	1.000000	23.10	24.01	296.250	297.160

1741861781	1.000000	25.22	22.58	298.370	295.730

1741861782	2.083127	26.54	26.96	299.690	300.110

1741861783	1.645307	23.67	23.66	296.820	296.810

1741861784	1.000000	20.23	29.31	293.380	302.460

1741861785	1.898904	20.25	20.42	293.400	293.570

1741861786	2.424371	28.49	27.13	301.640	300.280

1741861787	2.610689	26.51	21.69	299.660	294.840

1741861788	1.301326	28.94	26.82	302.090	299.970

1741861789	1.868075	29.98	24.67	303.130	297.820

1741861790	2.370103	29.26	29.99	302.410	303.140

1741861791	1.000000	20.69	28.26	293.840	301.410

1741861792	1.000000	22.50	26.68	295.650	299.830

1741861793	1.000000	29.72	20.01	302.870	293.160

1741861794	1.000000	20.78	24.42	293.930	297.570

1741861795	1.048347	27.15	22.66	300.300	295.810

1741861796	1.545034	29.64	22.16	302.790	295.310

1741861797	2.028075	23.93	23.69	297.080	296.840

1741861798	1.000000	26.47	22.74	299.620	295.890

1741861799	1.000000	21.73	20.09	294.880	293.240

1741861800	1.000000	26.37	24.74	299.520	297.890

1741861801	1.000000	28.04	27.28	301.190	300.430

1741861802	2.638180	24.52	26.80	297.670	299.950

1741861803	1.000000	21.07	24.22	294.220	297.370

1741861804	1.962755	20.27	23.10	293.420	296.250

1741861805	1.000000	27.99	29.03	301.140	302.180

1741861806	2.456407	28.08	25.28	301.230	298.430

1741861807	1.000000	23.32	25.21	296.470	298.360

1741861808	1.000000	24.93	26.13	298.080	299.280

1741861809	0.432630	21.23	22.59	294.380	295.740

1741861810	1.000000	29.15	29.74	302.300	302.890

1741861811	1.000000	28.68	23.37	301.830	296.520

1741861812	1.000000	23.85	26.66	297.000	299.810

1741861813	1.000000	22.28	24.90	295.430	298.050

1741861814	1.000000	28.70	25.79	301.850	298.940

1741861815	1.000000	24.88	29.02	298.030	302.170

1741861816	1.205303	27.62	27.75	300.770	300.900

1741861817	1.000000	22.84	22.85	295.990	296.000

1741861818	1.000000	22.16	29.72	295.310	302.870

1741861819	2.075149	23.39	22.70	296.540	295.850

1741861820	1.966703	24.06	27.24	297.210	300.390

1741861821	2.442659	26.00	26.03	299.150	299.180

1741861822	1.000000	27.56	29.02	300.710	302.170

1741861823	1.809849	26.53	24.33	299.680	297.480

1741861825	2.637339	25.45	26.69	298.600	299.840

1741861826	1.000000	27.77	22.70	300.920	295.850

1741861827	1.000000	23.71	21.35	296.860	294.500

1741861828	1.000000	26.49	22.87	299.640	296.020

1741861829	1.000000	28.92	21.14	302.070	294.290

1741861830	2.432219	26.76	25.82	299.910	298.970

1741861831	2.555543	23.80	27.30	296.950	300.450

1741861832	1.695394	23.50	20.83	296.650	293.980

1741861833	1.000000	26.71	28.40	299.860	301.550

1741861834	1.494287	25.54	27.21	298.690	300.360

1741861835	1.178006	25.58	28.62	298.730	301.770

1741861836	1.000000	27.31	20.58	300.460	293.730

1741861837	1.000000	23.74	28.55	296.890	301.700

1741861838	2.292051	28.46	25.61	301.610	298.760

1741861839	1.000000	23.41	22.07	296.560	295.220

1741861840	1.000000	27.45	25.97	300.600	299.120

1741861841	1.000000	20.48	23.97	293.630	297.120

1741861842	1.000000	29.54	28.35	302.690	301.500

1741861843	0.151055	25.71	25.02	298.860	298.170

1741861844	2.362605	21.39	27.57	294.540	300.720

1741861845	1.638104	22.60	20.79	295.750	293.940

1741861846	1.000000	24.03	22.11	297.180	295.260

1741861847	1.000000	25.72	28.08	298.870	301.230

1741861848	1.060580	26.90	25.79	300.050	298.940

1741861849	0.848395	28.13	28.17	301.280	301.320

1741861850	0.556980	25.40	23.14	298.550	296.290

1741861851	1.103536	21.50	20.69	294.650	293.840

1741861852	1.000000	26.93	22.07	300.080	295.220

1741861853	1.000000	29.21	23.79	302.360	296.940

1741861854	1.000000	25.05	22.13	298.200	295.280

1741861855	1.952631	23.28	29.66	296.430	302.810

1741861856	1.000000	26.39	29.74	299.540	302.890

1741861857	1.000000	21.48	24.48	294.630	297.630

1741861858	1.000000	24.04	20.48	297.190	293.630

1741861859	2.024423	20.70	27.86	293.850	301.010

1741861860	1.000000	26.39	24.22	299.540	297.370

1741861861	0.947530	28.23	29.69	301.380	302.840

1741861862	2.587651	24.20	25.06	297.350	298.210

1741861863	1.000000	23.74	28.19	296.890	301.340

1741861864	1.000000	25.77	26.98	298.920	300.130

1741861865	1.000000	24.05	27.63	297.200	300.780

1741861866	1.000000	20.47	22.25	293.620	295.400

1741861867	1.811378	22.35	28.31	295.500	301.460

1741861868	1.256380	21.89	24.06	295.040	297.210

1741861869	1.316395	23.97	26.80	297.120	299.950

Time	Flow, kg/s	DeltaP, Pa	P, Pa	Temp, K	Temp2, K

1741862111	2.572217	21.86	23.93	295.010	297.080

1741862112	1.000000	24.30	21.48	297.450	294.630

1741862113	1.689847	21.41	21.86	294.560	295.010

1741862114	1.000000	29.91	26.10	303.060	299.250

1741862115	1.000000	27.85	20.99	301.000	294.140

1741862116	2.120172	29.73	26.63	302.880	299.780

1741862117	1.000000	24.16	23.69	297.310	296.840

1741862118	2.362528	23.58	26.10	296.730	299.250

1741862119	1.000000	21.46	24.17	294.610	297.320

1741862120	0.625735	27.35	26.14	300.500	299.290

1741862121	0.680027	29.30	22.92	302.450	296.070

1741862122	1.116337	25.67	28.65	298.820	301.800

1741862123	1.000000	28.96	27.89	302.110	301.040

1741862124	2.733870	29.12	28.97	302.270	302.120

1741862125	2.264137	22.87	23.44	296.020	296.590

1741862126	0.703343	20.55	22.30	293.700	295.450

1741862127	1.986375	24.60	26.75	297.750	299.900

1741862128	1.000000	25.93	26.35	299.080	299.500

1741862129	1.000000	23.93	28.25	297.080	301.400

1741862130	1.131978	21.78	26.09	294.930	299.240

1741862131	1.000000	24.13	21.07	297.280	294.220

1741862132	1.000000	25.46	25.69	298.610	298.840

1741862133	1.000000	29.16	20.77	302.310	293.920

1741862134	0.468949	23.56	26.86	296.710	300.010

1741862135	1.000000	20.57	21.31	293.720	294.460

1741862136	0.972237	28.40	28.92	301.550	302.070

1741862137	1.000000	21.70	23.16	294.850	296.310

1741862138	0.479630	25.42	27.01	298.570	300.160

1741862139	1.000000	22.20	23.04	295.350	296.190

1741862140	2.554505	27.89	29.84	301.040	302.990

1741862141	1.000000	28.69	29.06	301.840	302.210

1741862142	1.000000	23.35	29.29	296.500	302.440

1741862143	0.470970	20.85	20.11	294.000	293.260

1741862144	2.252207	21.25	22.40	294.400	295.550

1741862145	1.037023	24.77	23.02	297.920	296.170

1741862146	1.000000	24.55	24.25	297.700	297.400

1741862147	1.000000	26.20	22.99	299.350	296.140

1741862148	2.503373	23.67	22.23	296.820	295.380

1741862149	1.000000	22.60	25.60	295.750	298.750

1741862150	1.507318	23.95	28.66	297.100	301.810

1741862151	1.000000	28.90	23.78	302.050	296.930

Time	Flow, kg/s	DeltaP, Pa	P, Pa	Temp, K	Temp2, K

1741862400	0.371956	23.35	29.01	296.500	302.160

1741862401	1.339058	22.06	24.38	295.210	297.530

1741862402	1.000000	20.35	28.15	293.500	301.300

1741862404	2.006982	24.94	20.55	298.090	293.700

1741862405	1.000000	27.57	28.99	300.720	302.140

1741862406	2.245017	27.04	23.59	300.190	296.740

1741862407	1.000000	22.35	20.08	295.500	293.230

1741862408	2.707074	20.37	20.70	293.520	293.850

1741862409	1.000000	21.10	27.53	294.250	300.680

1741862410	1.000000	22.32	28.22	295.470	301.370

1741862411	1.000000	20.11	29.55	293.260	302.700

1741862412	1.000000	28.62	20.88	301.770	294.030

1741862413	2.133684	28.84	29.63	301.990	302.780

1741862414	1.000000	23.23	25.95	296.380	299.100

1741862415	1.000000	29.45	21.53	302.600	294.680

1741862416	0.413766	25.80	23.19	298.950	296.340

1741862417	1.000000	20.80	28.86	293.950	302.010

1741862418	2.320481	29.67	20.55	302.820	293.700

1741862419	1.000000	26.49	22.24	299.640	295.390

1741862420	1.000000	26.59	28.66	299.740	301.810

1741862421	0.453942	27.78	20.25	300.930	293.400

1741862422	1.000000	23.20	26.43	296.350	299.580

1741862423	1.000000	26.21	25.35	299.360	298.500

1741862424	1.000000	25.58	25.70	298.730	298.850

1741862425	1.000000	22.83	24.09	295.980	297.240

1741862426	1.000000	23.97	29.03	297.120	302.180

1741862427	1.000000	29.76	27.32	302.910	300.470

1741862428	1.000000	21.91	25.78	295.060	298.930

1741862429	1.733637	28.25	25.57	301.400	298.720

1741862430	2.370620	22.59	22.85	295.740	296.000

1741862431	1.939909	24.06	21.96	297.210	295.110

1741862432	1.000000	24.51	21.39	297.660	294.540

1741862433	1.000000	20.58	25.08	293.730	298.230

1741862434	1.537863	21.91	26.66	295.060	299.810

1741862435	1.000000	20.22	28.57	293.370	301.720

1741862436	1.147294	26.46	22.86	299.610	296.010

1741862437	1.000000	26.96	22.87	300.110	296.020

1741862438	1.656265	23.64	23.90	296.790	297.050

1741862439	1.871833	23.73	26.05	296.880	299.200

1741862440	1.097116	20.86	27.09	294.010	300.240

1741862441	1.000000	24.62	23.45	297.770	296.600

1741862442	2.746369	23.81	22.96	296.960	296.110

1741862443	1.000000	21.87	23.85	295.020	297.000

1741862444	0.157657	20.76	27.82	293.910	300.970

1741862445	2.491449	20.31	25.54	293.460	298.690

1741862446	0.693187	25.12	27.82	298.270	300.970

1741862447	2.641117	28.64	24.10	301.790	297.250

1741862448	1.000000	28.47	24.94	301.620	298.090

1741862449	1.794449	24.64	25.91	297.790	299.060

1741862450	1.347395	29.03	20.98	302.180	294.130

1741862451	1.700869	29.07	27.13	302.220	300.280

1741862452	1.662152	22.03	27.45	295.180	300.600

1741862453	1.000000	27.24	25.90	300.390	299.050

1741862455	1.702228	23.27	27.98	296.420	301.130

1741862456	1.000000	24.86	20.21	298.010	293.360

1741862457	1.000000	29.43	21.20	302.580	294.350

1741862458	1.000000	21.88	28.04	295.030	301.190

1741862459	1.000000	27.87	21.15	301.020	294.300

1741862460	2.495418	23.30	24.68	296.450	297.830

1741862461	0.388818	20.31	20.28	293.460	293.430

